0.037504688086010755 1.1428086216020794
0.052506563320415055 1.011036726561893
0.10501312664083011 1.9523721220397876
0.11251406425803226 1.2115857316586602
0.15376922115264408 1.1393382673794534
0.2137767220902613 0.8083726822192127
0.2887860982622828 0.9887564097653538
0.2925365670708839 0.8754641565368384
0.30003750468808604 0.8795911985322307
0.4088011001375172 0.8295037689667297
0.4238029753719215 0.7855175282964832
0.4350543817977247 0.8928626836587876
0.4538067258407301 0.8113263530884047
0.5213151643955495 0.6764833099397659
0.5775721965245656 0.6531220367504433
0.5925740717589699 0.5762663973874491
0.645080635079385 0.6739877615287234
0.7425928241030129 0.3302626079639448
0.7688461057632204 0.3454360958261918
0.7875984498062258 0.19425972871099972
0.8176022002750344 -0.006049668775283897
0.8363545443180398 0.3010088868171864
0.8776097012126516 0.23284573371995282
0.9001125140642581 0.09788608908470275
0.9038629828728592 0.37620294110737346
0.9451181397674709 -0.08100066394396266
0.9638704838104764 0.10770245393827095
0.9788723590448807 0.04526366774664885
1.0013751718964872 0.16089634620122387
1.0201275159394925 0.15021346399550106
1.0313789223652956 -0.020675842973170648
1.0838854856857107 -0.06686403214337665
1.091386423302913 -0.20147881786522434
1.102637829728716 -0.34180231613544737
1.1663957994749343 -0.28940305412064005
1.2339042380297538 -0.30801327955817026
1.297662207775972 -0.33478645494636683
1.3089136142017752 -0.2997366235861847
1.3164145518189774 -0.46867563906309584
1.4776847105888236 -0.6477163887635995
1.4814351793974248 -0.7031509923972553
1.5076884610576322 -0.7605452410753893
1.5264408051006377 -0.7644920640712255
1.548943617952244 -0.4631740974153316
1.5601950243780474 -0.7004256602670736
1.5789473684210527 -0.7039655221453931
1.6689586198274784 -0.8775571878408307
1.6839604950618827 -0.654970339989975
1.698962370296287 -0.9039807993514918
1.7064633079134892 -0.7856902583243391
1.7439679959995 -0.8887549191748215
1.7739717464683087 -0.7471777889910044
1.792724090511314 -0.8378783899275105
1.8114764345543193 -0.905149521972083
1.8264783097887236 -0.7773526666574628
1.837729716214527 -0.7669457916880856
1.8452306538317291 -0.8421369692008427
1.8602325290661332 -0.8076747127720242
1.886485810726341 -0.8817572041787108
1.9277409676209527 -0.8507691767735446
1.942742842855357 -0.8950990590248583
1.9502437804725592 -0.8404666906973128
1.991498937367171 -0.8912750162163025
2.0065008126015753 -1.000419887916049
2.0927615951994 -0.8249794299539761
2.1002625328166022 -0.834634845322181
2.1115139392424056 -0.9791603637338226
2.1190148768596075 -0.7514962080349374
2.1265158144768095 -0.8989386033918438
2.186523315414427 -0.7244834665090549
2.2765345668208528 -0.6564180464809326
2.299037379672459 -0.7043635594985819
2.3177897237154643 -0.5838451679779088
2.3290411301412677 -0.8136456481390197
2.33654206775847 -0.6348466736970546
2.344043005375672 -0.7263674301990724
2.3702962870358797 -0.7250348097034015
2.389048631078885 -0.6769949681843622
2.4640580072509066 -0.6443116405483382
2.5615701962745345 -0.4998040849301092
2.6178272284035504 -0.5179443689398414
2.6590823852981624 -0.32565646007920895
2.7265908238529817 -0.28992765768468154
2.745343167895987 -0.460776153431489
2.7603450431303913 -0.13066386212067838
2.7640955119389923 -0.08279168865347845
2.7715964495561947 -0.17792801996026938
2.932866608326041 -0.11901067788050348
2.989123640455057 -0.145399375251349
3.0041255156894615 1.0634121842352209
3.0791348918614827 0.07323786509749872
3.0828853606700837 0.25501833575633265
3.1691461432679087 0.22309792550688434
3.180397549693712 1.1673113256964855
3.285410676334542 0.39669238557641123
3.326665833229154 0.39447901745557845
3.589198649831229 0.5426079816283117
3.6079509938742342 2.3280662937428875
3.6154519314914366 0.5752124697664787
3.6229528691086386 0.5887971851844537
3.652956619577447 0.7806996511421244
3.7167145893236655 0.478297766199241
3.724215526940868 0.4999072579686523
3.750468808601075 0.7300116176499951
3.769221152644081 0.5189836329477968
3.799224903112889 0.8243983519714921
3.8292286535816977 0.5901244384555908
3.847980997624703 0.569897548829323
3.885485685710714 2.613252629722537
3.9604950618827357 2.1519851990138488
4.084260532566571 0.8465907797471826
4.095511938992375 0.7000567659296368
4.144268033504188 0.5458988660690032
4.1967745968246035 0.8088659922870818
4.219277409676209 0.5744350817183781
4.283035379422428 0.632371261448485
4.313039129891236 0.6592730676534577
4.391798974871859 0.4753329076645802
4.481810226278285 0.5335153150390317
4.519314914364296 0.512519624088655
4.601825228153519 0.7393353775742498
4.620577572196525 0.24795876353210622
4.631828978622328 0.34908360474035244
4.669333666708339 0.4446806401995067
4.703087885985749 0.2206679457709991
4.710588823602951 0.23336984512309916
4.748093511688961 0.1881272400623788
4.770596324540568 0.4113975408474649
4.853106638329791 0.17933968758932048
4.886860857607201 0.12540656425576024
4.9056132016502065 0.029850164188097595
4.958119764970622 0.04688449979491471
4.973121640205026 -0.08043013049959324
5.029378672334042 0.029407110547884044
5.040630078759845 -0.10767305677236959
5.059382422802851 0.004771168165451718
5.070633829228654 0.011299202230337212
5.119389923740468 -0.14740066335351157
5.141892736592074 -0.09736725230921858
5.156894611826479 -0.2679308298288132
5.239404925615702 -0.3792852456024936
5.288161020127516 -0.1948744364275706
5.3519189898737345 -0.2757665888876283
5.408176022002751 0.30577202551739396
5.4381797724715595 -0.1089398260211664
5.4419302412801605 -0.2830633349812598
5.468183522940368 -0.4674296511939165
5.479434929366171 -0.28740529499169143
5.584448056007001 -0.5562181398975842
5.6144518064758095 -0.5155222543424861
5.648206025753219 -0.48425587973217543
5.813226653331666 -0.38186775544390966
5.816977122140268 -0.6011599806613694
5.914489311163896 -0.6228517312331401
5.9744968121015125 -0.5530690348845667
5.978247280910114 -0.6174283676678756
6.00075009376172 -0.4073492613696798
6.008251031378923 -0.6306078339804043
6.023252906613327 -0.6529214222575283
6.03450431303913 -0.5961024018743787
6.045755719464934 -0.592531582550534
6.090761345168146 -0.34565971923877475
6.094511813976747 -0.4558623726012466
6.1507688461057635 -0.5301567613344013
6.154519314914364 -0.6507991486815485
6.184523065383173 -0.4311910168029236
6.222027753469184 -0.595547502497242
6.248281035129391 -0.6392476940198459
6.270783847980998 -0.35281339331368533
6.285785723215402 -0.45698505093645947
6.297037129641206 -0.38663475121962615
6.327040880110014 -0.42541732966837836
6.375796974621828 -0.3530811180747446
6.390798849856233 -0.5207791617086954
6.4208026003250405 -0.5121567878201093
6.428303537942243 -0.3344697312619062
6.435804475559445 -0.5286830913458752
6.450806350793849 -1.0640717842638492
6.484560570071259 -0.8420329079674647
6.488311038879861 -0.3583427282835257
6.52206525815727 -0.3911527177630985
6.544568071008876 -0.4932859172143667
6.634579322415302 -0.3451541002668672
6.720840105013127 -0.417799393709675
6.762095261907739 -0.12437022900507967
6.7658457307163395 -0.37059731164632886
6.814601825228154 -0.23173918438858013
6.840855106888362 -0.13452097224613108
6.844605575696963 -0.19865801022205498
6.979622452806601 0.12215613033511909
7.065883235404426 -0.08702819356394381
7.103387923490437 0.09726413725540965
7.15214401800225 0.13282550433900092
7.249656207025878 0.0666138594904839
7.264658082260283 0.24945805703860063
7.2984123015376925 0.15756103943967356
7.339667458432304 0.3191084559706181
7.347168396049507 0.3430729356704094
7.3846730841355175 0.47943392052080525
7.42967870983873 0.4772080701196277
7.527190898862358 0.31329932267433075
7.549693711713965 0.3066961475374263
7.5646955869483685 0.470239120589649
7.617202150268784 0.45726221691059316
7.632204025503188 0.4524683080249004
7.6547068383547945 0.23994603012783233
7.6584573071633955 0.4200068498886282
7.669708713589199 0.35470464881539593
7.688461057632204 0.4378717710220139
7.819727465933242 0.4158665496590427
7.842230278784848 1.3594405949651496
7.872234029253657 0.48060677047070777
7.894736842105264 0.5320506688311301
7.905988248531067 0.3963139995930975
7.928491061382673 0.37860373962414784
7.932241530191274 0.4378628148952134
7.943492936617077 0.4405030131141564
7.958494811851482 0.4584699449790858
7.965995749468684 0.6880185745110858
7.969746218277285 0.45246156526365344
8.014751843980498 0.3661908523718754
8.104763095386923 0.4038801164742207
8.116014501812726 0.3559099170390535
8.138517314664334 0.45226043787702663
8.224778097262158 0.25823349024847464
8.228528566070759 0.42892902223055374
8.243530441305163 0.42004846036393984
8.322290286285787 0.41591262871300416
8.326040755094388 0.3340285296795399
8.33354169271159 0.3406557810116497
8.449806225778223 0.17102129684397155
8.453556694586824 0.281087160231914
8.464808101012627 0.2519124272323685
8.468558569821228 0.34752946418472536
8.487310913864233 0.16886898255223104
8.513564195524442 0.3603386681220302
8.588573571696463 0.3931496214726219
8.749843730466308 -0.04526220727276373
8.839854981872735 0.12379006199286467
8.851106388298538 0.1703372577956307
8.873609201150144 0.02511453576622488
8.911113889236155 0.01347035439134197
8.914864358044756 0.0162686043947714
8.926115764470559 0.04757534895069554
8.982372796599575 -0.018280082403517573
9.049881235154395 -0.20087248802824842
9.072384048006 0.0706898730019763
9.106138267283411 0.06308841088885858
9.233654206775848 -0.2225265519218537
9.24490561320165 -0.28851702324209183
9.297412176522066 -0.13636813388405994
9.323665458182273 -0.20880561426294758
9.34616827103388 -0.18578056475926252
9.349918739842481 -0.24811319487496478
9.361170146268284 -0.14494042516265893
9.38367295911989 -0.10524895208183797
9.391173896737092 -0.33165950803005934
9.45118139767471 -0.39416279290793893
9.462432804100512 -0.40748845267591965
9.466183272909115 -0.2027669158975738
9.469933741717716 -0.3588818147569659
9.552444055506939 -0.36357995400449655
9.559944993124141 -0.35086062481214453
9.589948743592949 -0.30879042748979557
9.608701087635955 -0.5138522676585567
9.672459057382174 -0.31100001239423436
9.676209526190775 -0.2689933766124169
9.706213276659582 -0.3171424650744824
9.826228278534817 -0.39681906448031096
9.84123015376922 -0.34816766912018077
9.90498812351544 -0.31684843350864106
9.931241405175648 -0.6634691300387482
9.934991873984249 -0.1814727662633779
9.961245155644455 -0.37597839643317565
9.968746093261657 -0.42982653592111375
9.983747968496063 -0.4260418425343975
10.055006875859483 -0.3292925513158378
10.085010626328291 -0.3677731483298497
10.1112639079885 -0.5602924436882787
10.145018127265908 -0.1555703350829769
10.160020002500312 -0.33487939879103573
10.212526565820728 -0.23541612976246637
10.216277034629329 -0.4183163980914014
10.257532191523941 -0.17352407727040797
10.280035004375547 -0.2907775781217095
10.35879484935617 -0.24091180786924798
10.388798599824979 -0.4088879909167493
10.39629953744218 -0.21181748327399494
10.553819227403427 -0.1527598306531893
10.595074384298037 -0.06302747454438187
10.651331416427054 -0.20783817722482756
10.658832354044256 -0.20790253036829393
10.737592199024878 0.0924099711027385
10.745093136642081 -0.2356955157564032
10.752594074259283 -0.14211583837456276
10.823852981622704 0.03891915566240146
10.831353919239906 -0.06621558301171733
10.872609076134518 0.00232512900097542
10.876359544943119 -0.10094542359087959
10.883860482560321 -0.03046364778494609
10.895111888986124 -0.17628144677193458
10.928866108263533 0.11704619006238413
10.936367045880736 -0.05640378461784879
10.958869858732342 -0.1076326327608087
10.985123140392549 0.06707399182106685
11.033879234904363 -0.004886405833844171
11.045130641330166 -0.08370802137886665
11.086385798224779 -0.12786786041487702
11.127640955119391 0.12598811212423602
11.138892361545194 0.03923682523138806
11.236404550568821 0.09430267821818028
11.26265783222903 0.26398757628625374
11.288911113889236 0.04088910448728905
11.292661582697837 0.10380173160945325
11.315164395549445 0.11107488049367906
11.33391673959245 0.1549406184330545
11.356419552444056 0.15261136460504499
11.408926115764471 0.18783613377254732
11.420177522190274 0.23269003646214315
11.483935491936492 0.22951458708839195
11.513939242405302 0.14277590307304525
11.517689711213903 0.13465033872623483
11.562695336917114 0.23297010295579565
11.626453306663333 0.17807909514447323
11.630203775471934 0.12231908477139072
11.633954244280536 0.26946897945741843
11.637704713089137 0.2651454533518055
11.75396924615577 0.5151409432393906
11.75771971496437 0.23889063718242037
11.772721590198776 0.3570313241123075
11.780222527815978 0.3724249662375448
11.783972996624579 0.17073292727250142
11.813976747093387 0.3608364908854362
11.88898612326541 0.17867254367769575
11.896487060882611 0.02716124433912531
11.933991748968621 0.35862386344281094
11.971496437054633 0.12220458211521074
11.982747843480436 0.3881056654764129
12.027753469183649 0.20374467550576394
12.09901237654707 0.443776906999601
12.10276284535567 0.3854955933227151
12.117764720590074 -0.1761470690415176
12.159019877484686 0.21951181432135145
12.166520815101888 0.14543203251152276
12.185273159144893 0.2458860739093273
12.200275034379297 0.1953063049715483
12.290286285785724 0.2508891975415838
12.305288161020128 0.3094418799523765
12.335291911488937 0.3039324731842273
12.339042380297538 0.28508981667428
12.34654331791474 0.16402011886088605
12.354044255531942 0.11332229038038252
12.395299412426553 0.3774375582023557
12.402800350043757 0.11039954129074611
12.41780222527816 0.19511172815491065
12.466558319789975 0.17698323597704507
12.496562070258783 0.015020160433124184
12.564070508813602 0.13683125819515127
12.586573321665208 0.10253856370795911
12.597824728091013 0.20958059903102524
12.609076134516815 0.25748646286936583
12.62782847855982 0.13142157290157833
12.66158269783723 0.26435984355042264
12.665333166645832 0.15748180479684667
12.669083635454433 0.14494312433599693
12.725340667583449 0.15602583354013647
12.80035004375547 0.04044069372657397
12.87160895111889 0.01812650078101255
12.920365045630705 0.0243553838077164
12.931616452056508 -0.08976239418200893
12.965370671333917 0.07738232482004719
12.97287160895112 -0.09840977411785382
13.062882860357545 0.03234610923637751
13.070383797974747 -0.09251220141376008
13.074134266783348 -0.05684371695798808
13.07788473559195 0.037995352563793244
13.126640830103764 0.006486584189306327
13.18289786223278 -0.2008096957716966
13.201650206275785 -0.10694476025670575
13.216652081510189 -0.005101465616079754
13.242905363170397 -0.26761967028430683
13.329166145768221 -0.12426410564337248
13.35541942742843 -0.3594100618160998
13.370421302662834 -0.23643566064739852
13.381672709088637 -0.15583940583525113
13.471683960495062 -0.360379252985382
13.479184898112264 -0.28942458526968023
13.539192399049881 -0.31363316141903874
13.584198024753094 -0.05622975691114398
13.6029503687961 -0.23246643864784922
13.610451306413303 -0.1877068403186582
13.662957869733717 -0.24480638313861602
13.674209276159521 -0.2514949747880852
13.677959744968122 -0.3816303039792968
13.734216777097137 -0.24527630114168078
13.771721465183148 -0.3011404074255928
13.80922615326916 -0.14148383130927483
13.839229903737968 -0.13925935303112946
13.84673084135517 -0.09780263781680153
13.857982247780972 -0.18263132129135812
13.872984123015378 -0.29182156386098596
13.906738342292787 -0.36931715207313126
13.91798974871859 -0.16523208621520327
13.932991623952995 -0.23019332190891115
13.966745843230404 -0.41800576513853654
13.981747718464808 -0.19595231548630532
14.038004750593824 -0.14968736612918812
14.053006625828228 -0.23510110580758314
14.056757094636831 -0.2446235661701276
14.060507563445432 -0.3362372576383966
14.071758969871235 -0.39872325838718614
14.176772096512064 -0.12052594693040312
14.203025378172272 -0.2464547434200266
14.259282410301289 -0.22196493566344586
14.274284285535693 -0.0242950505068425
14.353044130516315 -0.1302360546768666
14.386798349793725 -0.1751737012576203
14.40180022502813 -0.16333281232210642
14.40555069383673 -0.020642354866805334
14.416802100262533 -0.03284232423520879
14.428053506688336 -0.08044433295206374
14.495561945243155 0.4153184167325837
14.540567570946369 -0.3373980750965963
14.596824603075385 -0.10443095771849625
14.701837729716216 -0.13826050809637808
14.709338667333418 -0.09494164465572243
14.713089136142019 0.010280746115491842
14.75434429303663 -0.33591498696945316
14.806850856357045 -0.08692309211709914
14.885610701337669 -0.025758862489495223
14.949368671083887 -0.040907768591054064
14.979372421552695 -0.14655289811712463
15.0018752344043 0.054094270983114846
15.016877109638706 0.03765791131652411
15.095636954619328 -0.05651258975271456
15.110638829853732 0.06213122339964927
15.159394924365547 0.13029949284080275
15.17064633079135 0.07235916738940137
15.193149143642955 0.10382111075721562
15.223152894111765 0.0796060980446599
15.234404300537568 0.03890579362556223
15.268158519814978 -0.029314512140855405
15.350668833604201 0.12243857176709488
15.421927740967622 0.15154013177982614
15.72571571446431 0.32400019411464687
15.79697462182773 0.17695736199271697
15.886985873234154 0.20941077245408063
15.920740092511565 0.10121096355987978
15.950743842980373 0.12078501844968796
15.965745718214777 0.2010346292133651
15.984498062257783 0.12770027534993297
16.025753219152396 0.28325940898841456
16.033254156769598 0.2444764257694202
16.0445055631954 0.21206178262504208
16.108263532941617 0.23941381907255763
16.11951493936742 0.37821163231138166
16.18327290911364 0.16710224416353361
16.213276659582448 -0.0009460585936386032
16.35954494311789 0.19786051167261703
16.408301037629705 0.183768760906629
16.49831228903613 0.08174167015202494
16.52456557069634 0.0351600709762401
16.56957119639955 0.09438903505866653
16.584573071633955 0.1276978865794283
16.59957494686836 0.07306648825645648
16.633329166145767 0.3291540352080615
16.678334791848982 -0.013036218232114092
16.697087135891987 -0.0013293396074341365
16.7458432304038 -0.11996615337605827
16.798349793724217 0.07387260329696199
16.84710588823603 -0.14978135509497245
16.99337417177147 -0.05566273326945251
17.000875109388673 -0.04736289161349354
17.015876984623077 -0.07589548507968055
17.023377922240282 0.20044357219485281
17.034629328666085 0.036550815734570946
17.068383547943494 0.10276892389253317
17.12464058007251 -0.10149148381836147
17.13589198649831 0.08024148770960395
17.139642455306912 0.006120103449200685
17.15089386173272 0.008652805535060388
17.169646205775724 0.050088107538956164
17.19589948743593 -0.11647699053056021
17.207150893861733 -0.1360287656110211
17.22590323790474 0.017610489014814074
17.274659332416554 -0.36447232362068727
17.308413551693963 0.10094938772368102
17.319664958119766 0.002922220545617589
17.33466683335417 -0.14452190224766417
17.342167770971372 -0.059305757546820506
17.349668708588574 -0.20807364409588266
17.428428553569198 -0.18821811463151925
17.4359294911864 0.005141753280576965
17.47718464808101 0.04265708108652886
17.495936992124015 0.1038588664198731
17.559694961870235 -0.1082563708816589
17.630953869233654 -0.8108694929992608
17.694711838979874 -0.16597267360467732
17.71721465183148 -0.24742577585377618
17.75846980872609 -0.16120825115456167
17.81847730966371 -0.12196593011908131
17.844730591323916 -0.1700137461705489
17.867233404175522 -0.06681386840492963
17.889736217027128 -0.19399077724780162
18.05850731341418 -0.21541497262125547
18.06225778222278 -0.19323553682646968
18.077259657457184 -0.32581247127122437
18.10351293911739 -0.3323402000906199
18.174771846480812 -0.3038883528253323
18.182272784098014 -0.013791222302397047
18.234779347418428 -0.045035559271665394
18.23852981622703 -0.00046093485902806534
18.27978497312164 -0.32244217098865324
18.313539192399052 -0.33235569391524206
18.324790598824855 -0.20856138775109667
18.34729341167646 -0.1338314043181669
18.403550443805475 -0.08926242173196805
18.411051381422677 -0.03083153973852431
18.463557944743094 -0.08340184528529981
18.474809351168897 1.6168291206009682
18.4898112264033 -0.1537144664832728
18.542317789723715 -0.16338231432083813
18.546068258532316 -0.2663620689467724
18.564820602575324 -0.19150621370307513
18.59107388423553 -0.082250776706159
18.606075759469935 -0.22279449940049087
18.613576697087137 -0.010053127273471197
18.639829978747343 0.05462239719841478
18.673584198024752 -0.3132783810131519
18.677334666833357 0.04051817860098757
18.699837479684962 -0.2884987283850109
18.737342167770972 -0.021902230758244677
18.748593574196775 0.07069291004536256
18.76359544943118 -0.03006804505755456
18.786098262282785 -0.18256277179376598
19.041130141267658 -0.06598359083067491
19.059882485310666 -0.013800483813116935
19.093636704588075 0.007029815365100259
19.131141392674085 0.028579659299124156
19.142392799099888 0.02011704176200477
19.187398424803103 0.05693087379837044
19.21365170646331 -0.06738556352032869
19.239904988123516 0.019536299163141632
19.419927490936367 0.20645965495469917
19.423677959744968 0.022291613381064314
19.43117889736217 0.0916323526522976
19.45743217902238 0.2160252939683175
19.464933116639582 -0.14967470136004998
19.50243780472559 0.23081984953265566
19.517439679959995 -0.004361052914770007
19.543692961620202 0.08991353059549453
19.558694836854606 0.12272312253928143
19.588698587323417 0.18248122029649172
19.59619952494062 0.089056957661462
19.607450931366422 0.04984917318054756
19.937492186523315 0.25483867361230433
19.997499687460934 -0.05798129046624134
20.012501562695338 0.12564634542740508
20.02750343792974 -0.01607178309574953
20.031253906738343 0.04134012780134841
20.05750718839855 0.3319703842697703
20.08376047005876 0.13818682320046302
20.11751468933617 0.14914688319588384
20.155019377422178 -0.0424461992794461
20.173771721465183 0.02475781538811272
20.2187773471684 0.12859957236656822
20.237529691211403 0.15528503975934177
20.290036254531817 0.18368481882830087
20.30503812976622 0.1351422383162204
20.323790473809225 0.1572860557527277
20.40630078759845 0.19325490122471503
20.455056882110263 -0.08249978469090356
20.47380922615327 0.1180134022186886
20.481310163770473 0.16749988205164773
20.515064383047882 0.14685182185617598
20.563820477559695 0.06836823809426937
20.593824228028506 0.024630382937382043
20.665083135391924 -0.02354851564118377
20.668833604200525 0.037076624156437865
20.758844855606952 0.16472517939355372
20.777597199649957 -0.14825949011216896
21.002625328166022 -0.06686058909836504
21.010126265783224 -0.10886525910521228
21.03262907863483 0.07378424146195461
21.07388423552944 -0.07429079066191879
21.10013751718965 -0.09833805072074182
21.13389173646706 -0.08496725958486219
21.186398299787474 0.0015814045478363958
21.295161895236905 -0.11887152066658306
21.325165645705713 -0.35983863108254555
21.328916114514314 0.006506869657939202
21.41142642830354 -0.03384933425353953
21.426428303537943 -0.08284273493206061
21.546443305413177 -0.14768541557934353
21.565195649456182 -0.05328708930246245
21.651456432054008 -0.06641033491125205
21.66270783847981 -0.10809283936723837
21.73021627703463 -0.12119144222438942
21.73396674584323 -0.18379288250528694
21.741467683460435 -0.11712424409297768
21.745218152269036 -0.29705100684282826
21.76397049631204 -0.07190577009078872
21.861482685335666 -0.21213949129553203
21.913989248656083 -0.09322268622722849
21.958994874359295 -0.26960312629855926
22.026503312914116 -0.16110912017091747
22.04900612576572 -0.15483333819318035
22.060257532191525 -0.2541811363462775
22.071508938617328 -0.09623683881065144
22.094011751468933 -0.15361798432597434
22.131516439554947 -0.26016442854433675
22.18777347168396 -0.23268659606817738
22.274034254281787 -0.029662154823368717
22.379047380922618 -0.024546857282204668
22.446555819477435 -0.11040873330735929
22.487810976372046 -0.03767030410886288
22.495311913989248 -0.046402034303876814
22.622827853481684 -0.016572872374546292
22.626578322290285 0.05248475298416437
22.656582072759097 -0.20756741555343639
22.731591448931116 0.020547219210860286
22.74659332416552 -0.07330844635628754
22.75034379297412 -0.05134779980676275
22.76534566820853 -0.06830917828644968
22.795349418677336 -0.06480583482057396
22.840355044380548 -0.12913000629673432
22.85535691961495 -0.01649021346039569
22.862857857232154 0.08842095028916067
22.904113014126768 -0.026859459666793126
22.930366295786975 -0.017068533311396437
22.98287285910739 -0.09451328977364148
23.009126140767595 -0.04094778857732114
23.072884110513815 0.4861284469606031
23.13289161145143 -0.02830163912092
23.18914864358045 0.0002551943726094817
23.19289911238905 0.07750186179932261
23.264158019752468 -0.03407910606144052
23.279159894986876 0.06587642358633024
23.305413176647082 0.0934673109126446
23.425428178522317 0.20326807037194328
23.459182397799726 0.05695787297347282
23.462932866608327 0.19185878259882228
23.466683335416928 0.1589819375853643
23.567945993249158 -0.02332941117780526
23.665458182272786 -1.132581184598527
23.91673959244906 0.07040306103591372
23.946743342917866 0.20883532726127238
23.987998499812477 0.08523068972504792
24.00300037504688 0.05004472306958572
24.033004125515692 0.22930959963930603
24.115514439304913 0.10136330033441299
24.149268658582322 -0.14340080904351113
24.156769596199524 0.12101878152733389
24.179272409051134 0.1381697815645259
24.213026628328542 0.08689807695088471
24.24303037879735 0.1195610206252863
24.38179772471559 0.06509520743145271
24.419302412801603 -0.04383107487060245
24.49056132016502 0.015079025382421644
24.494311788973622 -0.052147843031062
24.52806600825103 -0.03162656131492001
24.573071633954246 -0.07402091742251037
24.576822102762847 0.48576827481088075
24.595574446805852 0.054315170408149496
24.62182772846606 0.008872804239922955
24.700587573446683 0.01140765432644198
24.749343667958495 0.05448810523061011
24.794349293661707 0.14362082218935415
24.813101637704715 -0.15307596435735066
24.86560820102513 0.047728994178943114
24.87310913864233 -0.026718833986698172
24.97437179647456 -0.1632681887027448
25.00437554694337 -0.21883197784340563
25.15439429928741 -0.1272368272900912
25.18064758094762 -0.0021244010978356065
25.25565695711964 0.00617783850953213
25.36067008376047 -0.13932540934835239
25.364420552569072 0.11113979232374795
25.379422427803476 0.0815573955317851
25.383172896612077 -0.015767536967094355
25.43192899112389 -0.10857033159508431
25.465683210401302 0.04378758469395474
25.510688836104514 0.013054498420166719
25.514439304913115 0.030420907222259392
25.52944118014752 -0.1408353135146147
25.548193524190523 -0.3233871709511632
25.589448681085138 0.14519924423200098
25.608201025128142 -0.21768612425476228
25.623202900362546 -0.0911178164485512
25.63070383797975 0.17457135423719228
25.70571321415177 -0.06728980864543929
25.731966495811978 0.003572191700840943
25.769471183897988 -0.20721608244356465
25.8107263407926 -0.2637104763845058
25.8144768096012 -0.09955632432318698
25.825728216027006 -0.0030746177708029024
25.855731966495814 -0.11660844456832153
25.866983372921617 -0.1553616084670117
25.893236654581823 -0.08650897496108734
25.930741342667833 0.015056813103610529
26.05825728216027 -1.53246815603523
26.137017127140894 -0.19187745926651348
26.208276034504316 -0.1606609129700245
26.30203775471934 0.06070945036655128
26.350793849231156 -0.032838666694303485
26.43705463182898 0.1557580134632104
26.493311663957996 0.013613921608767916
26.568321040130016 -0.08261687948276215
26.587073384173024 0.07529752288795433
26.662082760345044 -0.018806768570527738
26.665833229153645 -0.10055054556765837
26.68458557319665 0.011828842004256816
26.8571071383923 -0.09372776851989761
26.860857607200902 -0.035192720516735845
26.93586698337292 0.1156657187668729
26.99962495311914 -0.014794705511572786
27.018377297162147 -0.07065030198762895
27.052131516439555 -0.004058085348841653
27.104638079759972 0.08866373333628258
27.228403550443808 -0.047097998102364015
27.23215401925241 -0.02238136551344226
27.23590448806101 -0.04870276103202502
27.284660582572823 0.04219873994003225
27.299662457807226 -0.005821336325877252
27.325915739467433 -0.1252665442911844
27.348418552319043 -0.07477116644555613
27.355919489936245 -0.07331550661274364
27.37842230278785 0.169653397870089
27.408426053256658 0.12416872777419795
27.45718214776847 0.11681302336616506
27.535941992749095 -0.0029891288364223985
27.543442930366297 -0.027670070608506916
27.573446680835104 0.0036913784440040657
27.61845230653832 -0.07013682322804604
27.723465433179147 0.30222442502963276
27.775971996499564 -0.18469452002897901
27.80222527815977 0.11904073508648857
27.80597574696837 -0.09370046397718478
27.813476684585574 0.08175214090024155
27.880985123140395 -0.05269598242950212
27.952244030503813 -0.03283549396032737
28.023502937867235 -0.06595923352906778
28.098512314039255 0.2313440574325299
28.158519814976874 0.07083488801268792
28.211026378297287 -0.03365227310368881
28.21852731591449 0.08512957099825805
28.334791848981123 0.07247243884484822
28.35729466183273 0.11373609261950354
28.436054506813353 -0.14711318014920063
28.507313414176775 0.04513886540782494
28.559819977497188 0.11653948599603921
28.578572321540193 -0.12559673733977744
28.586073259157395 0.10802809871661642
28.66483310413802 0.17317382531325917
28.691086385798226 -0.022108990375679656
28.71358919864983 0.09958553879471928
28.762345293161648 0.12514320588652422
28.77359669958745 -0.04394040718765987
28.781097637204653 0.043741607541338615
28.818602325290662 -0.15930635316202638
28.837354669333667 -0.4468580342673664
28.90861357669709 0.029703955989524952
28.91611451431429 0.07722837005502908
28.919864983122892 0.024882360922494
28.964870608826104 0.05250236696900472
28.98737342167771 -0.15116371223658615
29.036129516189526 -0.034792014562783455
29.043630453806728 0.017059470175508115
29.12614076759595 0.16741930361664203
29.12989123640455 -0.05420725055655004
29.144893111638957 -0.06568380631831637
29.343667958494812 -0.0260788819343479
29.384923115389423 -0.1243307465797844
29.422427803475436 -0.032555352514614194
29.448681085135643 -0.07138226972644447
29.467433429178648 -0.22423942721359336
29.47868483560445 -0.06771576054495305
29.531191398924868 -0.07100567415885226
29.587448431053883 -0.20745609262452097
29.598699837479685 -0.0408814273059301
29.60995124390549 0.10278497362195013
29.61370171271409 -0.000742582837539309
29.61745218152269 0.009821582580412273
29.632454056757094 -0.1878693633589091
29.72246530816352 0.013603155970972496
29.75246905863233 0.07810680116744101
29.812476559569948 0.011631868824331638
29.82372796599575 -0.009140591254802807
29.872484060507563 -0.15601807265441578
29.898737342167774 -0.043714886735055865
29.92499062382798 -0.15727737528980976
29.932491561445183 -0.04194976394352196
29.936242030253783 -0.11581383991954569
29.947493436679586 0.0868509756741154
